0556482488
6279020183
0562013646
6975761642
0561335495
6250070952
0559881813
5813081202
0562056411
6585758946
0557089164
7013900589
0558484153
7362519820
0561164142
0554319292
0556494077
5596473924
0562259665
0562320769
6499960549
0554082165
7182073667
0550295205
6341470717
0558825329
6499960549
0554082165
7123365622
0560543139
0562361572
0549043971
5495410647
0556989969
7250933994
0557000496
0551223616
5379406491
0554620227
6506313689
0556068333
0554319295
5752813755
0550652290
6350617063
0562198723
0562317461
6392738797
0541005384
6578019336
0562485643
5032760820
0562038968
0553490595
0562088428
0562094038
614588257
0562051063

