0562451226
0559881813
6250070952
5791559703
0549696801‏
0562523168
0562523129
6883883706
0552537472
6782158780
0562056411
0556494077
6301415662
0559533725
0555036337
0562361572
0554620227
7177835540
0562928545
5185946530
0542657651
6948666445
0552833334
7182073667
0550295205
6150576316
0542584802
6571090100
0558206628
6227046616
0550519060
6909699592
0558032207
6822993168
0562026931
6370085092
0562069154
5624022331
0552327624
6460888139
0541024131
6960050552
0550905811
7123365622
0560543139
0562356196
6854026757
5963797157
0562263787
0562528885
0562588885
